8449730523,
8449596871,
8449477805,
8449034111,
8448961898,
8447715678,
8447659966,
8447103373,
8447028829,
8446737464,
8446611170,
8446490976,
8515559230,
8515327983,
8514189882,
8514005494,
8513746052,
8512694265,
8512316447,
8511224972,
8510981680,
8460471023,
8460339590,
8459739606,
8459601896,
8459506710,
8458567498,
8458460625,
8458323214,
8457241577,
8457152687,
8457023058,
8532910112,
8532803539,
8529834731,
8529703467,
8529571832,
8528068483,
8527923420,
8527782901,
8525750149,
8525701054,
8525624245,
8524582731,
8524466226,
8519475558,
8519360897,
8519267160,
8518676242,
8518560731,
8517496456,
8517206564,
8566178407,
8565317670,
8565136926,
8563511304,
8563390941,
8562149011,
8562031459,
8559906209,
8559761804,
8540545264,
8540450895,
8540357223,
8540189130,
8538716056,
8538597819,
8538454488,
8534290019,
8534224202,
8534125414,
8533017234,
8601448564,
8601391721,
8600397564,
8600296592,
8598682516,
8598614413,
8571700292,
8571606565,
8571495717,
8570776037,
8570710804,
8570633976,
8569237006,
8569161346,
8569093169,
8568096717,
8568000516,
8567870841,
8566338044,
8566249805,