8449262800,
8449168759,
8448323081,
8448225319,
8448084548,
8447659831,
8447604181,
8447555180,
8446788561,
8446684731,
8446587536,
8446405148,
8446357694,
8446312823,
8524635400,
8524526299,
8517437251,
8517060495,
8515655427,
8515438384,
8514376804,
8513845843,
8512866926,
8512694265,
8512319677,
8511443531,
8511217827,
8457758995,
8457701049,
8456408416,
8456356386,
8451467455,
8451320602,
8451163837,
8549890849,
8548375305,
8548286989,
8548193692,
8536705879,
8536597199,
8536499892,
8532223085,
8532150044,
8532090226,
8529399494,
8529291504,
8529178164,
8527608636,
8527489896,
8527386933,
8525750149,
8525701054,
8525624245,
8524739657,
8569237006,
8569161346,
8569093169,
8568316530,
8568207580,
8566115708,
8566063733,
8564902816,
8564790199,
8563281917,
8563210674,
8562561579,
8562458587,
8562314380,
8560525197,
8560413451,
8550292837,
8550149598,
8550072085,
8549982041,
8600679706,
8600597494,
8599269948,
8599202972,
8594217096,
8594108564,
8594008284,
8592494459,
8592409166,
8582384052,
8582157073,
8580698876,
8580433201,
8579434949,
8579245952,
8578965230,
8578108612,
8577626069,
8576601685,
8576209695,