8479356439,
8478031621,
8477875005,
8477788206,
8445788561,
8445682841,
8445598132,
8445514698,
8444239689,
8444100536,
8442824423,
8442705513,
8431318220,
8431188996,
8431063445,
8430972214,
8429888970,
8429721202,
8429594115,
8429413798,
8491935570,
8491844966,
8491729525,
8489006607,
8488930500,
8488825813,
8488058581,
8487940525,
8487872477,
8486306143,
8486268031,
8483130204,
8482978572,
8482884011,
8482756335,
8482661837,
8481408760,
8481194192,
8481063518,
8479433673,
8508235651,
8504962082,
8504819324,
8504347063,
8504223773,
8501439175,
8501329017,
8499767188,
8499697637,
8498463398,
8498353996,
8496220981,
8496120426,
8495151233,
8495040804,
8494905802,
8494551040,
8494469430,
8492844031,
8492764544,
8559446424,
8521772525,
8521673724,
8519038300,
8518717806,
8515794749,
8515641490,
8515532739,
8514229330,
8514143255,
8513582592,
8513504410,
8512781884,
8512697927,
8512614765,
8511314360,
8511179792,
8509860252,
8509736876,
8508383076,
8577517772,
8576493855,
8576325330,
8570969478,
8570874935,
8570012520,
8569914503,
8569788728,
8568096717,
8568000516,
8567870841,
8564999206,
8564890979,
8564803818,
8563765883,
8563648513,
8562561579,
8562458587,
8562314380,
8559540162,
8601448564,
8601391721,
8600488743,
8600392329,
8600272071,
8598681318,
8598616570,
8590773850,
8590723458,
8590666286,
8584197263,
8584089737,
8582735416,
8582384052,
8580769851,
8580543038,
8579512829,
8579345535,
8577926044,
8577745816,