8447807379,
8447014435,
8446928498,
8446507420,
8446415005,
8559540162,
8559446424,
8461254706,
8461153370,
8461076257,
8460164236,
8460035179,
8459915275,
8458145799,
8458048475,
8456620817,
8456498646,
8451015743,
8450892039,
8449730523,
8449596871,
8449477805,
8449042316,
8448961876,
8447908059,
8600824688,
8600724673,
8600597239,
8599300834,
8599219039,
8570776037,
8570710804,
8570633976,
8569592391,
8569460372,
8569364606,
8567602441,
8567561632,
8567510660,
8565317670,
8565136926,
8563144244,
8563095458,
8561445240,
8561344901,