8449171637,
8449036139,
8448961997,
8447914552,
8447804654,
8447726611,
8447045854,
8446950240,
8446581353,
8446486254,
8446403094,
8512870110,
8512668142,
8511217827,
8510981680,
8507878958,
8507769447,
8506327138,
8506206063,
8506088143,
8504744726,
8504650830,
8504524983,
8502866336,
8502781753,
8502679291,
8451467455,
8451320602,
8451163837,
8449364249,
8449266258,
8529291504,
8529178164,
8527867067,
8527739518,
8526600683,
8526490115,
8524424099,
8524344903,
8519308618,
8519216231,
8518809970,
8518659830,
8518553647,
8517384231,
8517045039,
8515672226,
8515211892,
8514293820,
8514015959,
8513742985,
8561497040,
8561413841,
8561344949,
8559668848,
8559581280,
8539067262,
8538982213,
8538849304,
8538284384,
8538145798,
8538032560,
8537191281,
8537079939,
8536926646,
8533017234,
8532910112,
8532803539,
8530855505,
8530762989,
8529399494,
8601823184,
8601713100,
8600679706,
8600597494,
8598808366,
8598716877,
8598615034,
8572758153,
8572646777,
8572546517,
8571364449,
8571247569,
8571126998,
8570012520,
8569914503,
8569788728,
8568316530,
8568207580,
8563765883,
8563648513,
8601823184,
8601713100,
8600679706,
8600597494,
8598808366,
8598716877,
8598615034,
8572758153,
8572646777,
8572546517,
8571364449,
8571247569,
8571126998,
8570012520,
8569914503,
8569788728,
8568316530,
8568207580,
8563765883,