8449478853,
8449373051,
8449042316,
8448961876,
8447659831,
8447604181,
8447555180,
8446865588,
8446776806,
8446677650,
8446364519,
8446311513,
8526364023,
8526253311,
8525176208,
8525092804,
8519475558,
8519360897,
8519267160,
8517163697,
8516930243,
8515460944,
8515211892,
8514376804,
8514117469,
8513746052,
8512954465,
8512434051,
8511416361,
8511020424,
8451671758,
8451547891,
8561865161,
8561739800,
8561623439,
8560307167,
8560217159,
8560015897,
8546822765,
8546764667,
8546708485,
8537466319,
8537408983,
8537328580,
8534290019,
8534224202,
8534125414,
8532692032,
8532579398,
8528426776,
8528334065,
8528227419,
8600178151,
8600072883,
8599998293,
8598695323,
8598618322,
8573489164,
8573374192,
8573257030,
8573136306,
8572973892,
8571364449,
8571247569,
8571126998,
8569592391,
8569460372,
8569364606,
8567739646,
8567657243,
8563511304,
8563390941,