8446401276,
8446350616,
8446311725,
8460035179,
8459915275,
8458567498,
8458460625,
8458323214,
8456886907,
8456770626,
8451671758,
8451547891,
8449812647,
8449657829,
8449465357,
8449036139,
8448961997,
8447703577,
8447613945,
8447554972,
8446788561,
8446684731,
8446587536,
8525084966,
8524964454,
8524864184,
8517299077,
8516930248,
8515655427,
8515218704,
8514308079,
8514117469,
8512870110,
8512558125,
8511503985,
8511224972,
8510884183,
8461956309,
8461854486,
8461735141,
8461613337,
8461476910,
8460164236,
8540357223,
8540189130,
8539982033,
8539809790,
8539067262,
8538982213,
8538849304,
8537466319,
8537408983,
8537328580,
8536705879,
8536597199,
8536499892,
8532434830,
8532316401,
8528068483,
8527923420,
8527782901,
8526600683,
8526490115,
8582522954,
8582154770,
8580874181,
8580434959,
8579516072,
8579245952,
8578012189,
8577745816,
8576678568,
8576406746,
8576076065,
8550292837,
8550149598,
8550072085,
8549982041,
8549890849,
8548606633,
8548474254,
8540545264,
8540450895,
8540545264,
8548474254,
8548606633,
8549890849,
8549982041,
8550072085,
8550149598,
8600068614,
8599992855,
8599091798,
8598987393,
8598861477,
8592272555,
8592220102,
8582522954,
8582154770,
8580874181,
8580434959,
8579516072,
8579245952,
8578012189,
8577745816,
8576678568,
8576406746,
8576076065,
8550292837,
8550149598,
8609085945,
8608974467,
8606592816,
8606484740,
8605215449,
8605115782,
8603895710,
8603810835,
8603728193,
8602376621,
8602246766,
8602105739,
8600068614,
8599992855,
8599091798,
8598987393,
8598861477,
