8504429092,
8504315236,
8504032993,
8503972965,
8502548614,
8502483871,
8501207719,
8501115465,
8500511934,
8500409325,
8497947761,
8497885130,
8497006162,
8496849879,
8422190613,
8422134035,
8421369627,
8421246047,
8421149699,
8419203925,
8515092699,
8515041888,
8514967943,
8513803048,
8513696765,
8512355459,
8512129847,
8512078166,
8510934085,
8510832161,
8509448924,
8509345899,
8507593632,
8506811438,
8506687683,
8506550840,
8505735164,
8505645451,
8504702413,
8504572912,
8530181004,
8530106006,
8529979269,
8529494935,
8529366319,
8529251249,
8527644926,
8527549141,
8527277198,
8527206687,
8526162093,
8526048356,
8525176208,
8525092804,
8524320822,
8524265391,
8521517028,
8521460644,
8515252670,
8515175618,
8580879900,
8580543038,
8579321866,
8579084900,
8577982630,
8577764833,
8577520913,
8576601685,
8576094890,
8539982033,
8539809790,
8538716056,
8538597819,
8538454488,
8533940290,
8533849342,
8533754138,
8532223085,
8532150044,
8532090226,
8601850047,
8601742840,
8600488743,
8600392329,
8600272071,
8599036653,
8598918355,
8594217096,
8594108564,
8594008284,
8592272555,
8592220102,
8590773850,
8590723458,
8590666286,
8584468848,
8584357150,
8584248639,
8582533736,
8582154770,